GDC_Aliquot	Chromosome	Start	End	Num_Probes	Segment_Mean
0896cb74-deee-46cd-ac66-19f50e4e9503	1	62920	86341	11	-0.8002
0896cb74-deee-46cd-ac66-19f50e4e9503	1	98588	16864367	8686	0.0125
0896cb74-deee-46cd-ac66-19f50e4e9503	1	16868660	16931448	44	0.5419
0896cb74-deee-46cd-ac66-19f50e4e9503	1	16932568	72284670	33979	0.0101
0896cb74-deee-46cd-ac66-19f50e4e9503	1	72290430	72297687	9	-1.5777
0896cb74-deee-46cd-ac66-19f50e4e9503	1	72302735	72345255	45	0.4189
0896cb74-deee-46cd-ac66-19f50e4e9503	1	72345393	75585159	1929	0.0085
0896cb74-deee-46cd-ac66-19f50e4e9503	1	75589078	75589169	2	-1.8925
0896cb74-deee-46cd-ac66-19f50e4e9503	1	75593824	103613021	18056	0.0096
0896cb74-deee-46cd-ac66-19f50e4e9503	1	103613109	103717410	13	-0.7112
0896cb74-deee-46cd-ac66-19f50e4e9503	1	103717617	105457777	909	0.0266
0896cb74-deee-46cd-ac66-19f50e4e9503	1	105458321	105470754	8	0.2961
0896cb74-deee-46cd-ac66-19f50e4e9503	1	105476583	105479738	16	0.9088
0896cb74-deee-46cd-ac66-19f50e4e9503	1	105479753	109690352	2639	0.0143
0896cb74-deee-46cd-ac66-19f50e4e9503	1	109690415	109697556	12	-1.0855
0896cb74-deee-46cd-ac66-19f50e4e9503	1	109702376	152787202	9772	0.0212
0896cb74-deee-46cd-ac66-19f50e4e9503	1	152789447	152796224	37	-1.4616
0896cb74-deee-46cd-ac66-19f50e4e9503	1	152801429	187746723	23467	0.0165
0896cb74-deee-46cd-ac66-19f50e4e9503	1	187748429	187752238	2	-2.0652
0896cb74-deee-46cd-ac66-19f50e4e9503	1	187755479	193186662	3564	0.0155
0896cb74-deee-46cd-ac66-19f50e4e9503	1	193187149	193187218	4	-0.9889
0896cb74-deee-46cd-ac66-19f50e4e9503	1	193190593	194479104	939	0.0146
0896cb74-deee-46cd-ac66-19f50e4e9503	1	194482281	194485888	2	-1.8049
0896cb74-deee-46cd-ac66-19f50e4e9503	1	194487886	196727607	1429	0.0302
0896cb74-deee-46cd-ac66-19f50e4e9503	1	196729112	196916555	134	0.2205
0896cb74-deee-46cd-ac66-19f50e4e9503	1	196917579	202073236	3354	0.0146
0896cb74-deee-46cd-ac66-19f50e4e9503	1	202073744	202082885	4	-1.1593
0896cb74-deee-46cd-ac66-19f50e4e9503	1	202083288	210707583	5966	0.0198
0896cb74-deee-46cd-ac66-19f50e4e9503	1	210707969	216075748	3601	-0.1623
0896cb74-deee-46cd-ac66-19f50e4e9503	1	216076228	220884320	3425	-0.0014
0896cb74-deee-46cd-ac66-19f50e4e9503	1	220895202	221031722	109	0.3882
0896cb74-deee-46cd-ac66-19f50e4e9503	1	221034714	221040655	5	-0.2516
0896cb74-deee-46cd-ac66-19f50e4e9503	1	221040672	221375625	202	0.3083
0896cb74-deee-46cd-ac66-19f50e4e9503	1	221376381	221813353	356	0.6769
0896cb74-deee-46cd-ac66-19f50e4e9503	1	221818252	221818477	2	-0.3654
0896cb74-deee-46cd-ac66-19f50e4e9503	1	221823396	222067076	195	0.6896
0896cb74-deee-46cd-ac66-19f50e4e9503	1	222067348	223767167	1027	0.5393
0896cb74-deee-46cd-ac66-19f50e4e9503	1	223771750	224516534	383	0.136
0896cb74-deee-46cd-ac66-19f50e4e9503	1	224516695	225926213	918	0.3819
0896cb74-deee-46cd-ac66-19f50e4e9503	1	225934386	228543976	1484	0.002
0896cb74-deee-46cd-ac66-19f50e4e9503	1	228552420	231789411	2228	-0.0416
0896cb74-deee-46cd-ac66-19f50e4e9503	1	231790208	231820622	18	-0.5571
0896cb74-deee-46cd-ac66-19f50e4e9503	1	231820949	243636795	9024	-0.0525
0896cb74-deee-46cd-ac66-19f50e4e9503	1	243637346	244808134	765	-0.0039
0896cb74-deee-46cd-ac66-19f50e4e9503	1	244813561	246660555	1308	-0.1387
0896cb74-deee-46cd-ac66-19f50e4e9503	1	246661538	246703903	31	-0.5109
0896cb74-deee-46cd-ac66-19f50e4e9503	1	246706315	246995621	189	-0.1359
0896cb74-deee-46cd-ac66-19f50e4e9503	1	246997024	246998225	2	-2.2486
0896cb74-deee-46cd-ac66-19f50e4e9503	1	247002425	247975055	636	-0.1379
0896cb74-deee-46cd-ac66-19f50e4e9503	1	247975218	248930189	469	-0.0728
0896cb74-deee-46cd-ac66-19f50e4e9503	2	12784	24378642	17916	0.0113
0896cb74-deee-46cd-ac66-19f50e4e9503	2	24378911	24388858	19	-0.6168
0896cb74-deee-46cd-ac66-19f50e4e9503	2	24390690	73622057	32728	0.0144
0896cb74-deee-46cd-ac66-19f50e4e9503	2	73625410	73684396	33	0.6273
0896cb74-deee-46cd-ac66-19f50e4e9503	2	73692070	106258266	15844	0.0162
0896cb74-deee-46cd-ac66-19f50e4e9503	2	106263639	106268901	12	-1.7246
0896cb74-deee-46cd-ac66-19f50e4e9503	2	106270799	242147305	82795	0.011
0896cb74-deee-46cd-ac66-19f50e4e9503	3	20930	182919	154	-0.2181
0896cb74-deee-46cd-ac66-19f50e4e9503	3	188339	195076	9	-1.0103
0896cb74-deee-46cd-ac66-19f50e4e9503	3	195392	93824162	60622	-0.1547
0896cb74-deee-46cd-ac66-19f50e4e9503	3	93824358	96561690	1389	0.1691
0896cb74-deee-46cd-ac66-19f50e4e9503	3	96566239	96568968	3	-0.8776
0896cb74-deee-46cd-ac66-19f50e4e9503	3	96569563	96585044	7	0.0839
0896cb74-deee-46cd-ac66-19f50e4e9503	3	96588814	96607163	11	-0.8452
0896cb74-deee-46cd-ac66-19f50e4e9503	3	96608620	99218119	1422	0.1589
0896cb74-deee-46cd-ac66-19f50e4e9503	3	99218940	99230464	37	-0.2267
0896cb74-deee-46cd-ac66-19f50e4e9503	3	99230470	128661409	18062	0.1599
0896cb74-deee-46cd-ac66-19f50e4e9503	3	128662406	128695318	17	0.6334
0896cb74-deee-46cd-ac66-19f50e4e9503	3	128702323	130031363	613	0.1422
0896cb74-deee-46cd-ac66-19f50e4e9503	3	130035092	130201415	79	-0.1069
0896cb74-deee-46cd-ac66-19f50e4e9503	3	130202376	140823697	6685	0.1635
0896cb74-deee-46cd-ac66-19f50e4e9503	3	140826859	140828142	2	-1.7837
0896cb74-deee-46cd-ac66-19f50e4e9503	3	140841776	149245189	5172	0.1602
0896cb74-deee-46cd-ac66-19f50e4e9503	3	149245608	149248956	23	-0.4895
0896cb74-deee-46cd-ac66-19f50e4e9503	3	149249126	151495959	1443	0.1566
0896cb74-deee-46cd-ac66-19f50e4e9503	3	151496150	151496556	2	1.5489
0896cb74-deee-46cd-ac66-19f50e4e9503	3	151498661	162790480	6887	0.1624
0896cb74-deee-46cd-ac66-19f50e4e9503	3	162794869	162908207	70	0.786
0896cb74-deee-46cd-ac66-19f50e4e9503	3	162908784	193160113	19152	0.1615
0896cb74-deee-46cd-ac66-19f50e4e9503	3	193160173	193165114	19	1.4526
0896cb74-deee-46cd-ac66-19f50e4e9503	3	193168646	195558822	1481	0.1697
0896cb74-deee-46cd-ac66-19f50e4e9503	3	195559056	195737444	40	-0.271
0896cb74-deee-46cd-ac66-19f50e4e9503	3	195737636	198169247	1170	0.1622
0896cb74-deee-46cd-ac66-19f50e4e9503	4	68929	10208339	5695	0.0112
0896cb74-deee-46cd-ac66-19f50e4e9503	4	10208489	10229625	33	0.6207
0896cb74-deee-46cd-ac66-19f50e4e9503	4	10229874	34777340	16963	0.003
0896cb74-deee-46cd-ac66-19f50e4e9503	4	34777353	34828250	44	0.4033
0896cb74-deee-46cd-ac66-19f50e4e9503	4	34828291	39701593	3308	0.0102
0896cb74-deee-46cd-ac66-19f50e4e9503	4	39702143	39702577	2	-1.7297
0896cb74-deee-46cd-ac66-19f50e4e9503	4	39702789	45003738	3313	0.0043
0896cb74-deee-46cd-ac66-19f50e4e9503	4	45003835	45004318	4	-3.1936
0896cb74-deee-46cd-ac66-19f50e4e9503	4	45008952	77248709	18132	0.0118
0896cb74-deee-46cd-ac66-19f50e4e9503	4	77249164	77318037	113	0.2156
0896cb74-deee-46cd-ac66-19f50e4e9503	4	77318828	91152891	8579	0.009
0896cb74-deee-46cd-ac66-19f50e4e9503	4	91152897	91159466	6	-1.0509
0896cb74-deee-46cd-ac66-19f50e4e9503	4	91160414	121360818	18062	0.0113
0896cb74-deee-46cd-ac66-19f50e4e9503	4	121361313	121370367	30	-0.6334
0896cb74-deee-46cd-ac66-19f50e4e9503	4	121371000	137021755	8759	0.0129
0896cb74-deee-46cd-ac66-19f50e4e9503	4	137021888	137021901	3	-2.0166
0896cb74-deee-46cd-ac66-19f50e4e9503	4	137025215	171455823	21488	0.0114
0896cb74-deee-46cd-ac66-19f50e4e9503	4	171456106	171456137	3	1.7792
0896cb74-deee-46cd-ac66-19f50e4e9503	4	171456293	190106768	12473	0.0103
0896cb74-deee-46cd-ac66-19f50e4e9503	5	15532	10808462	8754	0.0265
0896cb74-deee-46cd-ac66-19f50e4e9503	5	10808680	10952286	149	0.1922
0896cb74-deee-46cd-ac66-19f50e4e9503	5	10952680	12800777	1275	0.0042
0896cb74-deee-46cd-ac66-19f50e4e9503	5	12815668	12849089	15	-0.9783
0896cb74-deee-46cd-ac66-19f50e4e9503	5	12857021	46196012	20429	0.0267
0896cb74-deee-46cd-ac66-19f50e4e9503	5	46199332	46251204	15	-0.0755
0896cb74-deee-46cd-ac66-19f50e4e9503	5	46270906	46313245	10	1.145
0896cb74-deee-46cd-ac66-19f50e4e9503	5	46313400	50279343	50	0.1107
0896cb74-deee-46cd-ac66-19f50e4e9503	5	50287719	57285362	4485	-0.1529
0896cb74-deee-46cd-ac66-19f50e4e9503	5	57290400	57659568	270	0.4033
0896cb74-deee-46cd-ac66-19f50e4e9503	5	57662069	58033802	267	-0.1925
0896cb74-deee-46cd-ac66-19f50e4e9503	5	58033929	58036233	12	-1.1356
0896cb74-deee-46cd-ac66-19f50e4e9503	5	58036248	123875931	39970	-0.1533
0896cb74-deee-46cd-ac66-19f50e4e9503	5	123889735	141267991	10215	0.016
0896cb74-deee-46cd-ac66-19f50e4e9503	5	141268049	141273689	4	-1.3703
0896cb74-deee-46cd-ac66-19f50e4e9503	5	141278798	152135825	7351	0.0047
0896cb74-deee-46cd-ac66-19f50e4e9503	5	152135909	152138790	13	-0.7219
0896cb74-deee-46cd-ac66-19f50e4e9503	5	152140710	176033084	16726	0.0081
0896cb74-deee-46cd-ac66-19f50e4e9503	5	176038686	176042504	2	-2.685
0896cb74-deee-46cd-ac66-19f50e4e9503	5	176043321	176735426	312	-0.0002
0896cb74-deee-46cd-ac66-19f50e4e9503	5	176735568	176755420	12	0.4471
0896cb74-deee-46cd-ac66-19f50e4e9503	5	176758398	176806791	22	-0.0025
0896cb74-deee-46cd-ac66-19f50e4e9503	5	176808074	176825706	14	0.347
0896cb74-deee-46cd-ac66-19f50e4e9503	5	176826434	177771448	364	-0.0147
0896cb74-deee-46cd-ac66-19f50e4e9503	5	177800550	177805604	3	1.9292
0896cb74-deee-46cd-ac66-19f50e4e9503	5	177827964	178680821	446	0.0048
0896cb74-deee-46cd-ac66-19f50e4e9503	5	178682974	178686162	3	-2.1311
0896cb74-deee-46cd-ac66-19f50e4e9503	5	178691854	181363319	1534	0.0117
0896cb74-deee-46cd-ac66-19f50e4e9503	6	149661	6804735	5552	0.0124
0896cb74-deee-46cd-ac66-19f50e4e9503	6	6804826	6805099	2	-2.0034
0896cb74-deee-46cd-ac66-19f50e4e9503	6	6805699	26342741	14442	0.0005
0896cb74-deee-46cd-ac66-19f50e4e9503	6	26344913	26348804	3	-1.4546
0896cb74-deee-46cd-ac66-19f50e4e9503	6	26352835	30094281	1761	-0.0098
0896cb74-deee-46cd-ac66-19f50e4e9503	6	30095591	30097542	4	-1.4936
0896cb74-deee-46cd-ac66-19f50e4e9503	6	30097639	31313046	543	-0.0023
0896cb74-deee-46cd-ac66-19f50e4e9503	6	31318499	31328674	11	-1.3403
0896cb74-deee-46cd-ac66-19f50e4e9503	6	31342147	32619680	545	0.0053
0896cb74-deee-46cd-ac66-19f50e4e9503	6	32625244	32634330	6	-1.0076
0896cb74-deee-46cd-ac66-19f50e4e9503	6	32634492	35836384	1789	0.0118
0896cb74-deee-46cd-ac66-19f50e4e9503	6	35836979	37036020	795	-0.1947
0896cb74-deee-46cd-ac66-19f50e4e9503	6	37043735	44277233	4731	0.0108
0896cb74-deee-46cd-ac66-19f50e4e9503	6	44277586	46440976	1440	-0.1577
0896cb74-deee-46cd-ac66-19f50e4e9503	6	46441452	46958100	364	0.0182
0896cb74-deee-46cd-ac66-19f50e4e9503	6	46960032	46960083	2	1.3832
0896cb74-deee-46cd-ac66-19f50e4e9503	6	46963821	54066353	4579	0.0096
0896cb74-deee-46cd-ac66-19f50e4e9503	6	54066432	54070550	7	-1.1218
0896cb74-deee-46cd-ac66-19f50e4e9503	6	54070617	64627049	4222	0.0188
0896cb74-deee-46cd-ac66-19f50e4e9503	6	64637651	64639099	2	-1.8698
0896cb74-deee-46cd-ac66-19f50e4e9503	6	64640883	66331020	1140	0.0257
0896cb74-deee-46cd-ac66-19f50e4e9503	6	66331558	66333299	6	0.9445
0896cb74-deee-46cd-ac66-19f50e4e9503	6	66333342	69499213	2168	0.0043
0896cb74-deee-46cd-ac66-19f50e4e9503	6	69505423	69510885	11	0.7336
0896cb74-deee-46cd-ac66-19f50e4e9503	6	69511135	73882142	2827	0.018
0896cb74-deee-46cd-ac66-19f50e4e9503	6	73882509	73891694	10	0.9572
0896cb74-deee-46cd-ac66-19f50e4e9503	6	73893839	78259348	2763	0.0295
0896cb74-deee-46cd-ac66-19f50e4e9503	6	78259388	78325468	112	-0.4722
0896cb74-deee-46cd-ac66-19f50e4e9503	6	78329517	93923908	9992	0.0161
0896cb74-deee-46cd-ac66-19f50e4e9503	6	93924277	94933610	674	0.0857
0896cb74-deee-46cd-ac66-19f50e4e9503	6	94933661	103286954	4797	-0.0017
0896cb74-deee-46cd-ac66-19f50e4e9503	6	103290101	103314186	46	-1.0689
0896cb74-deee-46cd-ac66-19f50e4e9503	6	103317795	125861617	13875	0.0117
0896cb74-deee-46cd-ac66-19f50e4e9503	6	125862546	125865630	3	-2.0314
0896cb74-deee-46cd-ac66-19f50e4e9503	6	125867747	133945130	5179	0.0019
0896cb74-deee-46cd-ac66-19f50e4e9503	6	133947933	133948494	2	-1.7867
0896cb74-deee-46cd-ac66-19f50e4e9503	6	133950934	169763095	24652	0.0106
0896cb74-deee-46cd-ac66-19f50e4e9503	6	169767293	170133775	142	0.1593
0896cb74-deee-46cd-ac66-19f50e4e9503	6	170133982	170741917	278	-0.0155
0896cb74-deee-46cd-ac66-19f50e4e9503	7	43355	4276624	2206	0.1805
0896cb74-deee-46cd-ac66-19f50e4e9503	7	4280525	6989154	1266	0.1105
0896cb74-deee-46cd-ac66-19f50e4e9503	7	6999855	8410097	1260	0.1761
0896cb74-deee-46cd-ac66-19f50e4e9503	7	8410275	8413314	4	-0.9747
0896cb74-deee-46cd-ac66-19f50e4e9503	7	8413683	12974700	3677	0.1624
0896cb74-deee-46cd-ac66-19f50e4e9503	7	12982484	12988660	4	-1.0039
0896cb74-deee-46cd-ac66-19f50e4e9503	7	12989332	15392007	1951	0.1478
0896cb74-deee-46cd-ac66-19f50e4e9503	7	15392045	15393664	2	-1.3277
0896cb74-deee-46cd-ac66-19f50e4e9503	7	15394440	38072615	16861	0.1626
0896cb74-deee-46cd-ac66-19f50e4e9503	7	38072658	54318812	11203	0.0118
0896cb74-deee-46cd-ac66-19f50e4e9503	7	54318816	54318824	5	2.0184
0896cb74-deee-46cd-ac66-19f50e4e9503	7	54325795	88548580	15885	0.0086
0896cb74-deee-46cd-ac66-19f50e4e9503	7	88548621	90110662	1054	0.0787
0896cb74-deee-46cd-ac66-19f50e4e9503	7	90113915	100727566	6165	0.0079
0896cb74-deee-46cd-ac66-19f50e4e9503	7	100731621	100731642	2	-2.5077
0896cb74-deee-46cd-ac66-19f50e4e9503	7	100735219	109787648	5305	0.0099
0896cb74-deee-46cd-ac66-19f50e4e9503	7	109787793	109813853	43	0.3605
0896cb74-deee-46cd-ac66-19f50e4e9503	7	109813925	111279303	989	0.0364
0896cb74-deee-46cd-ac66-19f50e4e9503	7	111279880	111595647	190	0.1616
0896cb74-deee-46cd-ac66-19f50e4e9503	7	111597742	126404920	8843	0.0068
0896cb74-deee-46cd-ac66-19f50e4e9503	7	126405428	126406824	15	-0.8324
0896cb74-deee-46cd-ac66-19f50e4e9503	7	126406825	134093899	4694	0.0034
0896cb74-deee-46cd-ac66-19f50e4e9503	7	134100424	134114444	37	0.4169
0896cb74-deee-46cd-ac66-19f50e4e9503	7	134121491	142069843	5186	0.0094
0896cb74-deee-46cd-ac66-19f50e4e9503	7	142069880	142092108	32	0.4471
0896cb74-deee-46cd-ac66-19f50e4e9503	7	142092307	159334314	10850	0.0138
0896cb74-deee-46cd-ac66-19f50e4e9503	8	81254	7312952	7714	-0.1449
0896cb74-deee-46cd-ac66-19f50e4e9503	8	7329110	7329124	2	2.3473
0896cb74-deee-46cd-ac66-19f50e4e9503	8	7336299	12176798	3289	-0.1705
0896cb74-deee-46cd-ac66-19f50e4e9503	8	12177488	12389977	30	0.5232
0896cb74-deee-46cd-ac66-19f50e4e9503	8	12418301	13720063	1021	-0.1972
0896cb74-deee-46cd-ac66-19f50e4e9503	8	13722552	13742870	36	0.1668
0896cb74-deee-46cd-ac66-19f50e4e9503	8	13742882	25114672	9337	-0.159
0896cb74-deee-46cd-ac66-19f50e4e9503	8	25116928	25126735	26	-1.9993
0896cb74-deee-46cd-ac66-19f50e4e9503	8	25133589	39389156	8994	-0.1607
0896cb74-deee-46cd-ac66-19f50e4e9503	8	39389592	39499356	44	-0.4434
0896cb74-deee-46cd-ac66-19f50e4e9503	8	39504170	43802560	2576	-0.1594
0896cb74-deee-46cd-ac66-19f50e4e9503	8	43807613	50119451	2016	0.1657
0896cb74-deee-46cd-ac66-19f50e4e9503	8	50119464	50120863	8	0.7885
0896cb74-deee-46cd-ac66-19f50e4e9503	8	50126018	51222522	657	0.1587
0896cb74-deee-46cd-ac66-19f50e4e9503	8	51223143	55835906	3092	0.014
0896cb74-deee-46cd-ac66-19f50e4e9503	8	55840052	71300130	9548	0.1442
0896cb74-deee-46cd-ac66-19f50e4e9503	8	71303076	71304364	8	-0.6098
0896cb74-deee-46cd-ac66-19f50e4e9503	8	71307628	114622438	25903	0.152
0896cb74-deee-46cd-ac66-19f50e4e9503	8	114622478	114626166	11	-0.9846
0896cb74-deee-46cd-ac66-19f50e4e9503	8	114626238	114629502	20	-0.3318
0896cb74-deee-46cd-ac66-19f50e4e9503	8	114638468	124083276	6402	0.1568
0896cb74-deee-46cd-ac66-19f50e4e9503	8	124090058	124094162	5	-1.3001
0896cb74-deee-46cd-ac66-19f50e4e9503	8	124099560	140181944	12418	0.1508
0896cb74-deee-46cd-ac66-19f50e4e9503	8	140185161	140185175	2	-1.1575
0896cb74-deee-46cd-ac66-19f50e4e9503	8	140192038	141564139	760	0.1884
0896cb74-deee-46cd-ac66-19f50e4e9503	8	141564862	141565045	2	-1.7322
0896cb74-deee-46cd-ac66-19f50e4e9503	8	141565500	145072769	1451	0.1901
0896cb74-deee-46cd-ac66-19f50e4e9503	9	46587	6695986	6357	-0.0054
0896cb74-deee-46cd-ac66-19f50e4e9503	9	6701145	6708357	6	-2.6053
0896cb74-deee-46cd-ac66-19f50e4e9503	9	6712314	11336017	4358	-0.0094
0896cb74-deee-46cd-ac66-19f50e4e9503	9	11336040	12113183	603	0.0734
0896cb74-deee-46cd-ac66-19f50e4e9503	9	12113467	29432265	13633	-0.0122
0896cb74-deee-46cd-ac66-19f50e4e9503	9	29432808	29919558	345	0.1352
0896cb74-deee-46cd-ac66-19f50e4e9503	9	29920842	39588611	5824	-0.0054
0896cb74-deee-46cd-ac66-19f50e4e9503	9	39747848	40099921	8	1.1969
0896cb74-deee-46cd-ac66-19f50e4e9503	9	40189830	42014203	98	-0.0084
0896cb74-deee-46cd-ac66-19f50e4e9503	9	42037471	42546668	35	-0.5932
0896cb74-deee-46cd-ac66-19f50e4e9503	9	42566207	138200944	48117	0.0102
0896cb74-deee-46cd-ac66-19f50e4e9503	10	45792	1400969	819	-0.1476
0896cb74-deee-46cd-ac66-19f50e4e9503	10	1400985	1400985	2	-1.9655
0896cb74-deee-46cd-ac66-19f50e4e9503	10	1401020	24086334	18329	-0.1687
0896cb74-deee-46cd-ac66-19f50e4e9503	10	24088745	24089125	11	-1.8384
0896cb74-deee-46cd-ac66-19f50e4e9503	10	24089979	25418088	892	-0.1663
0896cb74-deee-46cd-ac66-19f50e4e9503	10	25418197	25433515	9	0.0519
0896cb74-deee-46cd-ac66-19f50e4e9503	10	25436584	27015680	1143	0.5873
0896cb74-deee-46cd-ac66-19f50e4e9503	10	27018754	27928445	572	0.2951
0896cb74-deee-46cd-ac66-19f50e4e9503	10	27931040	30020885	1704	0.1543
0896cb74-deee-46cd-ac66-19f50e4e9503	10	30021975	32666177	1782	0.0053
0896cb74-deee-46cd-ac66-19f50e4e9503	10	32666315	32666367	2	1.1081
0896cb74-deee-46cd-ac66-19f50e4e9503	10	32669645	33613380	689	0.0235
0896cb74-deee-46cd-ac66-19f50e4e9503	10	33615097	33698895	47	0.1251
0896cb74-deee-46cd-ac66-19f50e4e9503	10	33704269	36738392	2015	0.3356
0896cb74-deee-46cd-ac66-19f50e4e9503	10	36739632	37433443	390	0.5053
0896cb74-deee-46cd-ac66-19f50e4e9503	10	37433544	37874414	282	0.3832
0896cb74-deee-46cd-ac66-19f50e4e9503	10	37879526	133654968	61847	0.0123
0896cb74-deee-46cd-ac66-19f50e4e9503	11	198510	5766862	3228	0.0062
0896cb74-deee-46cd-ac66-19f50e4e9503	11	5768371	5787146	28	-0.3802
0896cb74-deee-46cd-ac66-19f50e4e9503	11	5787818	48509615	29958	0.0116
0896cb74-deee-46cd-ac66-19f50e4e9503	11	48509653	48751124	102	0.2069
0896cb74-deee-46cd-ac66-19f50e4e9503	11	48751174	50284450	627	0.0185
0896cb74-deee-46cd-ac66-19f50e4e9503	11	50286977	55608785	489	0.1107
0896cb74-deee-46cd-ac66-19f50e4e9503	11	55608804	55685533	52	0.5056
0896cb74-deee-46cd-ac66-19f50e4e9503	11	55686100	55816599	95	0.187
0896cb74-deee-46cd-ac66-19f50e4e9503	11	55818495	65849487	5404	0.0116
0896cb74-deee-46cd-ac66-19f50e4e9503	11	65851648	71588129	2798	0.5321
0896cb74-deee-46cd-ac66-19f50e4e9503	11	71592950	76153933	2277	0.2943
0896cb74-deee-46cd-ac66-19f50e4e9503	11	76154153	76598654	245	0.4384
0896cb74-deee-46cd-ac66-19f50e4e9503	11	76606124	76616916	10	1.1582
0896cb74-deee-46cd-ac66-19f50e4e9503	11	76619919	80256469	2422	-0.1627
0896cb74-deee-46cd-ac66-19f50e4e9503	11	80256504	80256520	2	-2.8202
0896cb74-deee-46cd-ac66-19f50e4e9503	11	80256642	135074876	38958	-0.1532
0896cb74-deee-46cd-ac66-19f50e4e9503	12	51460	1146572	660	0.5154
0896cb74-deee-46cd-ac66-19f50e4e9503	12	1147275	1949079	475	0.1609
0896cb74-deee-46cd-ac66-19f50e4e9503	12	1949499	2122991	124	-0.1752
0896cb74-deee-46cd-ac66-19f50e4e9503	12	2124763	2126010	2	-2.0346
0896cb74-deee-46cd-ac66-19f50e4e9503	12	2126462	5648068	2883	-0.1524
0896cb74-deee-46cd-ac66-19f50e4e9503	12	5648814	8204911	1390	0.0219
0896cb74-deee-46cd-ac66-19f50e4e9503	12	8209454	8220161	9	0.8363
0896cb74-deee-46cd-ac66-19f50e4e9503	12	8241232	9179941	483	-0.0187
0896cb74-deee-46cd-ac66-19f50e4e9503	12	9180011	9481274	144	-0.1038
0896cb74-deee-46cd-ac66-19f50e4e9503	12	9485313	9562969	22	-1.4102
0896cb74-deee-46cd-ac66-19f50e4e9503	12	9575696	33141577	16555	-0.1589
0896cb74-deee-46cd-ac66-19f50e4e9503	12	33141611	33170429	47	0.1446
0896cb74-deee-46cd-ac66-19f50e4e9503	12	33171456	34544311	737	-0.1049
0896cb74-deee-46cd-ac66-19f50e4e9503	12	34544327	69871889	19585	0.013
0896cb74-deee-46cd-ac66-19f50e4e9503	12	69873940	69874087	2	-1.4977
0896cb74-deee-46cd-ac66-19f50e4e9503	12	69874556	99397830	18907	0.011
0896cb74-deee-46cd-ac66-19f50e4e9503	12	99397874	99409340	37	0.3846
0896cb74-deee-46cd-ac66-19f50e4e9503	12	99409355	133201603	22685	0.0176
0896cb74-deee-46cd-ac66-19f50e4e9503	13	18452809	37501828	13475	-0.0001
0896cb74-deee-46cd-ac66-19f50e4e9503	13	37502130	37510620	12	0.6684
0896cb74-deee-46cd-ac66-19f50e4e9503	13	37514193	57184492	12517	0.0169
0896cb74-deee-46cd-ac66-19f50e4e9503	13	57189013	57192687	17	0.4748
0896cb74-deee-46cd-ac66-19f50e4e9503	13	57192705	71902850	8991	0.006
0896cb74-deee-46cd-ac66-19f50e4e9503	13	71903417	71906418	4	-2.5259
0896cb74-deee-46cd-ac66-19f50e4e9503	13	71906467	114342922	29053	0.0052
0896cb74-deee-46cd-ac66-19f50e4e9503	14	18239283	19689684	64	0.1679
0896cb74-deee-46cd-ac66-19f50e4e9503	14	19732024	19945699	95	-0.2315
0896cb74-deee-46cd-ac66-19f50e4e9503	14	19949382	21855405	1265	0.1398
0896cb74-deee-46cd-ac66-19f50e4e9503	14	21856896	21860397	11	-0.7592
0896cb74-deee-46cd-ac66-19f50e4e9503	14	21860829	53581750	19888	0.1582
0896cb74-deee-46cd-ac66-19f50e4e9503	14	53588619	53732064	98	0.4497
0896cb74-deee-46cd-ac66-19f50e4e9503	14	53735601	73526068	12784	0.166
0896cb74-deee-46cd-ac66-19f50e4e9503	14	73529070	73554275	10	0.7519
0896cb74-deee-46cd-ac66-19f50e4e9503	14	73563196	95643248	14712	0.1587
0896cb74-deee-46cd-ac66-19f50e4e9503	14	95644605	95645489	2	-1.5784
0896cb74-deee-46cd-ac66-19f50e4e9503	14	95645742	106321086	6140	0.1566
0896cb74-deee-46cd-ac66-19f50e4e9503	14	106340102	106346129	7	-0.8811
0896cb74-deee-46cd-ac66-19f50e4e9503	14	106360014	106877229	273	0.2212
0896cb74-deee-46cd-ac66-19f50e4e9503	15	19811075	20210984	61	0.0179
0896cb74-deee-46cd-ac66-19f50e4e9503	15	20217125	20373168	26	-0.6858
0896cb74-deee-46cd-ac66-19f50e4e9503	15	20376198	20376311	7	0.1279
0896cb74-deee-46cd-ac66-19f50e4e9503	15	20380735	20538669	39	-0.592
0896cb74-deee-46cd-ac66-19f50e4e9503	15	20614765	21266108	35	-0.1059
0896cb74-deee-46cd-ac66-19f50e4e9503	15	21266481	22395047	39	-0.724
0896cb74-deee-46cd-ac66-19f50e4e9503	15	22413894	31079813	4910	0.0165
0896cb74-deee-46cd-ac66-19f50e4e9503	15	31084493	31089786	2	-2.1007
0896cb74-deee-46cd-ac66-19f50e4e9503	15	31091420	76577588	28759	0.0109
0896cb74-deee-46cd-ac66-19f50e4e9503	15	76586021	76603434	23	0.775
0896cb74-deee-46cd-ac66-19f50e4e9503	15	76609838	101765514	17532	0.0149
0896cb74-deee-46cd-ac66-19f50e4e9503	15	101766307	101766660	3	-1.2488
0896cb74-deee-46cd-ac66-19f50e4e9503	15	101771055	101928837	66	-0.0085
0896cb74-deee-46cd-ac66-19f50e4e9503	16	10777	11535608	8677	0.0171
0896cb74-deee-46cd-ac66-19f50e4e9503	16	11535928	11536077	2	-2.5723
0896cb74-deee-46cd-ac66-19f50e4e9503	16	11536092	27320653	9473	0.0096
0896cb74-deee-46cd-ac66-19f50e4e9503	16	27326291	27339366	12	-0.6783
0896cb74-deee-46cd-ac66-19f50e4e9503	16	27341867	32072367	1784	0.0012
0896cb74-deee-46cd-ac66-19f50e4e9503	16	32081442	35906467	491	0.1113
0896cb74-deee-46cd-ac66-19f50e4e9503	16	35910712	55764867	6473	0.0121
0896cb74-deee-46cd-ac66-19f50e4e9503	16	55770436	55788532	15	-0.8105
0896cb74-deee-46cd-ac66-19f50e4e9503	16	55808442	55809810	6	0.1176
0896cb74-deee-46cd-ac66-19f50e4e9503	16	55809824	55824881	7	0.6713
0896cb74-deee-46cd-ac66-19f50e4e9503	16	55834527	70105639	8735	0.0069
0896cb74-deee-46cd-ac66-19f50e4e9503	16	70117657	70164453	14	0.5306
0896cb74-deee-46cd-ac66-19f50e4e9503	16	70164493	77561388	4668	0.0217
0896cb74-deee-46cd-ac66-19f50e4e9503	16	77561438	77561468	2	-1.4479
0896cb74-deee-46cd-ac66-19f50e4e9503	16	77562124	78337711	835	-0.0009
0896cb74-deee-46cd-ac66-19f50e4e9503	16	78338543	78345778	13	1.0051
0896cb74-deee-46cd-ac66-19f50e4e9503	16	78349243	84602483	6854	0.0231
0896cb74-deee-46cd-ac66-19f50e4e9503	16	84602883	84603175	3	-1.4174
0896cb74-deee-46cd-ac66-19f50e4e9503	16	84604886	90096867	3755	0.0178
0896cb74-deee-46cd-ac66-19f50e4e9503	17	150733	22441255	12751	-0.1631
0896cb74-deee-46cd-ac66-19f50e4e9503	17	22445538	41257158	8044	0.0097
0896cb74-deee-46cd-ac66-19f50e4e9503	17	41258395	41274279	28	0.4887
0896cb74-deee-46cd-ac66-19f50e4e9503	17	41276472	41376617	116	0.0906
0896cb74-deee-46cd-ac66-19f50e4e9503	17	41376729	45436394	2021	-0.0017
0896cb74-deee-46cd-ac66-19f50e4e9503	17	45442744	46078715	353	0.0839
0896cb74-deee-46cd-ac66-19f50e4e9503	17	46080121	46284997	130	0.4291
0896cb74-deee-46cd-ac66-19f50e4e9503	17	46286804	51413876	2462	0.0107
0896cb74-deee-46cd-ac66-19f50e4e9503	17	51415729	51415836	2	-2.2452
0896cb74-deee-46cd-ac66-19f50e4e9503	17	51418878	53634671	1603	0.0132
0896cb74-deee-46cd-ac66-19f50e4e9503	17	53637058	53637331	2	-1.4811
0896cb74-deee-46cd-ac66-19f50e4e9503	17	53637939	56083648	1735	0.0081
0896cb74-deee-46cd-ac66-19f50e4e9503	17	56083690	56090492	19	0.3598
0896cb74-deee-46cd-ac66-19f50e4e9503	17	56093383	57610128	1177	0.0164
0896cb74-deee-46cd-ac66-19f50e4e9503	17	57610972	57611632	2	-1.7584
0896cb74-deee-46cd-ac66-19f50e4e9503	17	57614632	77361314	11689	0.0019
0896cb74-deee-46cd-ac66-19f50e4e9503	17	77363308	77372055	11	-0.5482
0896cb74-deee-46cd-ac66-19f50e4e9503	17	77374386	80655063	1893	0.0072
0896cb74-deee-46cd-ac66-19f50e4e9503	17	80655993	80685817	11	-0.5991
0896cb74-deee-46cd-ac66-19f50e4e9503	17	80687840	83091923	940	-0.0052
0896cb74-deee-46cd-ac66-19f50e4e9503	18	48133	1512141	1027	0.1564
0896cb74-deee-46cd-ac66-19f50e4e9503	18	1512238	5805064	3074	0.0183
0896cb74-deee-46cd-ac66-19f50e4e9503	18	5807861	5991271	150	0.1454
0896cb74-deee-46cd-ac66-19f50e4e9503	18	5991481	5991587	2	-1.3317
0896cb74-deee-46cd-ac66-19f50e4e9503	18	5992487	6602285	416	0.1974
0896cb74-deee-46cd-ac66-19f50e4e9503	18	6603955	6604732	3	-0.7839
0896cb74-deee-46cd-ac66-19f50e4e9503	18	6610813	7586534	773	0.1553
0896cb74-deee-46cd-ac66-19f50e4e9503	18	7587846	11446202	2953	0.0119
0896cb74-deee-46cd-ac66-19f50e4e9503	18	11446246	11451325	4	-1.182
0896cb74-deee-46cd-ac66-19f50e4e9503	18	11451642	21024755	2010	0.0064
0896cb74-deee-46cd-ac66-19f50e4e9503	18	21028413	21391682	149	-0.163
0896cb74-deee-46cd-ac66-19f50e4e9503	18	21395941	22023538	269	0.1239
0896cb74-deee-46cd-ac66-19f50e4e9503	18	22024780	28613464	4210	-0.1642
0896cb74-deee-46cd-ac66-19f50e4e9503	18	28613572	28616166	5	-1.3286
0896cb74-deee-46cd-ac66-19f50e4e9503	18	28616668	53740727	16686	-0.1512
0896cb74-deee-46cd-ac66-19f50e4e9503	18	53740772	53741814	6	0.6891
0896cb74-deee-46cd-ac66-19f50e4e9503	18	53751899	66239629	8663	-0.1567
0896cb74-deee-46cd-ac66-19f50e4e9503	18	66240197	66242480	6	-1.132
0896cb74-deee-46cd-ac66-19f50e4e9503	18	66243219	67292086	668	-0.1562
0896cb74-deee-46cd-ac66-19f50e4e9503	18	67292135	67300028	18	-0.6528
0896cb74-deee-46cd-ac66-19f50e4e9503	18	67300481	70416928	2369	-0.1388
0896cb74-deee-46cd-ac66-19f50e4e9503	18	70416959	70431004	5	-1.0772
0896cb74-deee-46cd-ac66-19f50e4e9503	18	70431332	71275327	538	-0.1697
0896cb74-deee-46cd-ac66-19f50e4e9503	18	71276403	72842589	1187	-0.0826
0896cb74-deee-46cd-ac66-19f50e4e9503	18	72842607	80257174	5465	-0.163
0896cb74-deee-46cd-ac66-19f50e4e9503	19	90910	4288208	1130	-0.1793
0896cb74-deee-46cd-ac66-19f50e4e9503	19	4288558	4299133	2	-1.7832
0896cb74-deee-46cd-ac66-19f50e4e9503	19	4300624	8266491	1771	-0.1874
0896cb74-deee-46cd-ac66-19f50e4e9503	19	8266960	9240429	525	-0.0228
0896cb74-deee-46cd-ac66-19f50e4e9503	19	9242312	9282434	16	0.3228
0896cb74-deee-46cd-ac66-19f50e4e9503	19	9289113	9490715	129	0.5128
0896cb74-deee-46cd-ac66-19f50e4e9503	19	9490898	11123101	707	0.5787
0896cb74-deee-46cd-ac66-19f50e4e9503	19	11126128	12263029	569	0.4916
0896cb74-deee-46cd-ac66-19f50e4e9503	19	12263404	12557003	175	0.0941
0896cb74-deee-46cd-ac66-19f50e4e9503	19	12557409	14092798	634	0.2688
0896cb74-deee-46cd-ac66-19f50e4e9503	19	14100582	14372533	73	0.0759
0896cb74-deee-46cd-ac66-19f50e4e9503	19	14379297	17065513	1659	-0.1711
0896cb74-deee-46cd-ac66-19f50e4e9503	19	17069337	17628286	220	0.2006
0896cb74-deee-46cd-ac66-19f50e4e9503	19	17628521	24158207	3449	-0.1603
0896cb74-deee-46cd-ac66-19f50e4e9503	19	24159593	58586487	18029	-0.0036
0896cb74-deee-46cd-ac66-19f50e4e9503	20	80664	1579916	1198	0.1611
0896cb74-deee-46cd-ac66-19f50e4e9503	20	1580141	1613247	46	-0.5877
0896cb74-deee-46cd-ac66-19f50e4e9503	20	1617300	14815008	9924	0.162
0896cb74-deee-46cd-ac66-19f50e4e9503	20	14815023	14843259	45	-0.3463
0896cb74-deee-46cd-ac66-19f50e4e9503	20	14849950	17091603	2133	0.1451
0896cb74-deee-46cd-ac66-19f50e4e9503	20	17092531	30193847	6660	0.2757
0896cb74-deee-46cd-ac66-19f50e4e9503	20	30206919	30367103	34	0.1374
0896cb74-deee-46cd-ac66-19f50e4e9503	20	30374569	40507673	5165	0.0152
0896cb74-deee-46cd-ac66-19f50e4e9503	20	40509148	40510118	2	-2.4827
0896cb74-deee-46cd-ac66-19f50e4e9503	20	40515165	64324800	17132	0.0153
0896cb74-deee-46cd-ac66-19f50e4e9503	21	10354168	10558276	51	-0.1041
0896cb74-deee-46cd-ac66-19f50e4e9503	21	10558331	10642546	30	-0.4211
0896cb74-deee-46cd-ac66-19f50e4e9503	21	10643703	46677045	23757	0.0034
0896cb74-deee-46cd-ac66-19f50e4e9503	22	15294547	18917479	1139	0.0259
0896cb74-deee-46cd-ac66-19f50e4e9503	22	18918078	19018612	51	-0.9339
0896cb74-deee-46cd-ac66-19f50e4e9503	22	19019471	23815063	3089	0.0571
0896cb74-deee-46cd-ac66-19f50e4e9503	22	23820816	23823674	4	-1.6797
0896cb74-deee-46cd-ac66-19f50e4e9503	22	23827520	50796027	18971	0.0115
0896cb74-deee-46cd-ac66-19f50e4e9503	X	251810	155952689	83201	0.0061
0896cb74-deee-46cd-ac66-19f50e4e9503	Y	2782397	8291973	1711	-0.8478
0896cb74-deee-46cd-ac66-19f50e4e9503	Y	8295157	8616205	241	-0.5321
0896cb74-deee-46cd-ac66-19f50e4e9503	Y	8620930	14856010	2003	-0.8721
0896cb74-deee-46cd-ac66-19f50e4e9503	Y	14876558	56872112	2682	-1.1804
